50個のクラスター
 cl   sp   el
--------------
  1 [  5,   6]
  2 [ 16,   1]
  3 [ 25,  25]
  4 [ 32,   0]
  5 [ 33,   1]
  6 [ 12,   0]
  7 [ 21,   0]
  8 [ 20,  22]
  9 [ 17,   0]
 10 [ 15,   0]
 11 [  8,   2]
 12 [ 16,   0]
 13 [ 31,   0]
 14 [  7,   1]
 15 [ 15,   5]
 16 [ 16,   0]
 17 [ 19,   6]
 18 [ 27,   0]
 19 [ 28,  13]
 20 [ 30,  20]
 21 [ 13,   1]
 22 [ 10,   0]
 23 [ 47,   0]
 24 [ 27,   1]
 25 [ 35,  21]
 26 [ 11,  30]
 27 [  8,  12]
 28 [  3,  16]
 29 [ 13,  20]
 30 [ 21,  44]
 31 [ 24,  62]
 32 [ 15,  12]
 33 [ 13,  19]
 34 [  7,   7]
 35 [  4,  12]
 36 [  2,   8]
 37 [ 21,  45]
 38 [ 11,  11]
 39 [ 43,  63]
 40 [ 21,  26]
 41 [ 32, 166]
 42 [ 29,  55]
 43 [ 29,  81]
 44 [ 24,  27]
 45 [ 20,   2]
 46 [ 24,   1]
 47 [ 14,  56]
 48 [ 23,  55]
 49 [ 20,  23]
 50 [ 43,  22]
TP=577, FP=109, TN=891, FN=423
再現率:0.577
偽陽性率:0.109
TSS:0.468

100個のクラスター
TP=628, FP=103, TN=897, FN=372
再現率:0.628
偽陽性率:0.103
TSS:0.525

150個のクラスター
TP=645, FP=82, TN=918, FN=355
再現率:0.645
偽陽性率:0.082
TSS:0.563

200個のクラスター
TP=651, FP=73, TN=927, FN=349
再現率:0.651
偽陽性率:0.073
TSS:0.578

500個のクラスター
TP=669, FP=54, TN=946, FN=331
再現率:0.669
偽陽性率:0.054
TSS:0.615